30
24
47
31
17
11
94
2
82
3
17
63
19
90
94
100
27
29
13
2
65
77
29
90
61
45
97
22
43
47
81
16
51
23
2
32
19
6
75
16
33
48
84
60
87
6
59
91
58
59
77
43
12
16
58
15
71
98
70
25
5
34
79
86
95
87
62
19
58
80
62
57
92
69
100
91
90
8
94
15
71
13
73
92
27
92
9
89
18
41
96
86
10
38
47
14
43
78
81
71
23
29
99
71
72
52
26
46
10
87
26
86
27
12
90
51
88
77
48
17
59
89
57
96
79
59
28
39
73
66
75
48
59
99
47
1
45
24
53
91
34
30
87
44
68
81
79
14
89
62
31
50
37
16
64
6
14
60
68
76
13
95
41
6
89
23
36
31
11
71
67
39
45
1
34
19
91
78
27
5
13
43
76
51
62
16
46
71
8
48
17
76
82
28
52
96
12
81
74
38
99
9
17
53
81
12
4
19
29
18
89
98
25
42
95
14
96
44
53
80
80
37
87
57
98
74
64
2
26
43
92
82
66
19
78
57
38
66
90
23
78
58
19
4
65
100
83
17
7
43
21
85
42
69
88
66
90
79
86
19
84
86
91
47
19
45
28
89
17
20
77
69
66
16
15
53
58
84
47
32
59
10
71
89
22
13
96
95
75
95
63
70
38
50
8
46
48
45
100
30
3
29
46
27
77
66
34
7
40
74
66
24
9
87
92
18
87
1
2
41
47
21
54
47
40
1
17
87
56
76
26
5
69
36
54
54
86
57
22
42
38
48
91
72
4
79
79
18
54
99
88
71
35
31
78
29
19
49
90
82
12
46
60
16
23
7
22
96
57
36
94
91
80
66
94
12
48
5
30
45
18
4
61
67
74
81
41
23
93
91
48
54
6
45
68
28
60
89
31
74
32
77
57
76
75
81
72
2
88
25
97
61
95
21
22
13
21
7
21
81
55
12
74
89
32
85
10
60
29
10
63
67
38
86
18
72
28
67
80
77
4
6
75
64
76
64
18
15
32
15
64
64
49
77
91
58
43
83
23
28
32
61
50
57
43
67
66
25
66
80
94
49
57
53
66
15
1
51
4
15
81
74
47
32
3
57
41
23
67
43
11
14
9
16
92
99
45
71
66
37
59
70
95
87
31
48
11
84
5
70
29
87
28
74
26
54
22
83
9
50
58
56
39
79
69
61
93
4
80
78
91
84
79
40
67
68
82
35
33
80
81
45
3
74
13
95
15
6
67
94
16
17
53
100
46
91
58
43
37
61
84
7
93
11
27
76
72
58
68
67
67
39
14
84
63
47
96
67
59
19
78
56
100
89
57
78
43
72
97
82
10
40
82
7
26
29
79
39
41
75
72
17
48
23
35
2
1
80
24
30
75
10
27
70
2
67
3
24
85
74
93
16
46
85
46
41
62
76
9
68
24
55
45
24
19
38
76
24
64
84
86
57
76
68
71
38
43
18
35
2
66
22
98
42
74
89
68
42
57
38
80
52
88
56
70
97
92
74
67
89
47
44
53
77
61
30
49
78
44
2
67
83
57
17
51
34
88
33
58
75
63
45
24
98
15
5
69
94
32
88
88
1
29
91
65
38
51
74
27
62
65
55
18
54
93
25
75
88
57
2
66
6
81
86
36
9
20
28
31
77
20
80
83
98
83
87
31
95
80
64
34
66
78
76
12
78
86
62
51
18
14
37
22
28
50
83
99
24
64
23
77
7
63
24
28
42
59
57
25
42
60
30
15
82
24
43
62
66
21
15
99
21
29
95
37
85
10
41
72
75
10
35
99
95
93
30
93
49
79
79
39
50
72
46
5
47
54
72
6
51
48
91
65
52
20
81
20
93
18
61
85
18
3
14
50
35
53
9
27
66
50
63
73
46
38
67
99
68
92
92
56
41
76
43
37
50
22
6
94
98
62
35
89
28
50
73
65
40
85
77
12
26
19
77
90
88
88
100
58
48
37
92
40
8
42
36
9
40
10
72
49
49
75
81
21
98
62
71
68
14
36
23
52
11
39
40
58
72
88
77
10
61
26
96
81
19
58
82
33
59
72
47
64
68
5
79
82
75
71
12
90
85
75
25
15
22
47
90
56
22
26
48
64
52
89
53
8
29
54
96
73
17
74
9
45
30
32
76
48
65
55
4
23
24
56
90
24
4
77
72
100
29
66
89
34
61
90
40
76
73
36
19
2
71
100
11
99
93
58
27
3
67
78
37
7
27
64
81
